0
17.97 29.56
8.57 59.51
71.11 1.79
95.25 3.47
81.97 31.06
48.91 81.13
47.11 85.98
8.79 73.30
4.72 4.38
66.46 32.37
64.42 88.34
97.23 51.76
83.80 34.86
4.22 97.92
10.88 33.45
1.46 72.06
80.22 38.37
15.12 3.01
57.11 40.91
4.96 43.02
76.39 69.09
48.80 68.38
89.31 63.42
11.65 10.39
66.53 81.17
58.07 29.65
74.50 77.24
3.13 28.54
46.49 80.25
25.97 90.21
70.97 10.13
54.45 65.48
66.98 73.24
32.66 64.69
67.59 75.87
92.17 75.49
83.87 45.59
96.91 30.02
28.17 65.70
29.39 6.75
79.97 61.42
38.90 32.65
31.74 24.59
11.02 66.95
45.89 96.30
20.36 4.24
36.00 15.05
47.13 46.58
92.39 72.56
23.87 13.74
49.41 42.72
4.40 98.58
23.36 75.09
36.10 30.79
77.73 86.65
64.48 93.97
27.18 79.29
99.34 95.01
12.72 42.15
43.44 15.63
44.73 24.89
92.42 76.51
54.75 46.59
99.29 16.92
44.66 16.85
95.36 76.30
6.74 17.59
33.86 58.49
80.74 29.89
82.73 49.69
44.67 88.73
21.53 44.49
22.30 35.11
77.51 43.06
59.38 81.16
70.49 10.18
36.69 55.66
81.70 12.42
75.74 98.79
42.28 64.30
62.52 94.55
80.67 43.16
88.73 81.60
22.19 64.11
44.38 59.58
96.06 12.39
11.01 94.98
46.88 96.40
3.03 40.38
36.92 29.77
3.66 73.27
56.21 55.55
90.83 68.34
70.22 58.66
60.65 72.99
43.91 49.42
29.43 13.66
0.28 57.50
38.61 25.27
35.87 25.04
