1 23 28 55 
2 51 
3 26 30 35 89 93 
4 
5 21 53 76 
6 11 38 45 47 60 66 72 90 99 
7 79 94 96 
8 49 
9 39 63 83 
10 54 
11 6 60 66 
12 18 19 37 74 85 
13 53 78 
14 72 95 
15 27 55 57 86 
16 58 84 
17 67 75 91 
18 12 85 
19 12 24 74 
20 31 39 61 88 
21 5 53 76 
22 33 50 51 69 77 
23 1 28 55 83 
24 19 49 74 
25 59 
26 3 30 34 65 
27 15 55 57 
28 1 23 
29 56 58 84 
30 3 26 34 35 65 73 
31 20 43 61 86 88 97 98 
32 80 
33 22 48 50 69 77 
34 26 30 52 89 94 96 
35 3 30 64 89 92 93 
36 
37 12 85 
38 6 45 47 60 66 72 90 99 
39 9 20 61 63 83 
40 41 46 65 
41 40 46 91 
42 44 69 72 77 90 
43 31 73 86 88 92 93 97 98 
44 42 69 72 77 90 
45 6 38 47 60 66 72 90 99 
46 40 41 65 
47 6 38 45 60 66 72 90 99 
48 33 62 67 70 71 82 
49 8 24 
50 22 33 69 77 
51 2 22 
52 34 85 94 
53 5 13 21 78 81 
54 10 
55 1 15 23 27 57 
56 29 58 63 84 
57 15 27 55 
58 16 29 56 84 
59 25 
60 6 11 38 45 47 66 
61 20 31 39 
62 48 67 70 71 75 82 91 
63 9 39 56 83 84 
64 35 
65 26 30 40 46 
66 6 11 38 45 47 60 99 
67 17 48 62 70 71 75 91 
68 87 
69 22 33 42 44 50 77 
70 48 62 67 71 75 91 
71 48 62 67 70 82 
72 6 14 38 42 44 45 47 90 
73 30 43 92 93 97 98 
74 12 19 24 
75 17 62 67 70 91 
76 5 21 
77 22 33 42 44 50 69 
78 13 53 81 95 
79 7 89 96 
80 32 
81 53 78 95 
82 48 62 71 
83 9 23 39 63 
84 16 29 56 58 63 
85 12 18 37 52 94 
86 15 31 43 98 
87 68 
88 20 31 43 97 98 
89 3 34 35 79 96 
90 6 38 42 44 45 47 72 99 
91 17 41 62 67 70 75 
92 35 43 73 93 97 98 
93 3 35 43 73 92 97 98 
94 7 34 52 85 
95 14 78 81 
96 7 34 79 89 
97 31 43 73 88 92 93 98 
98 31 43 73 86 88 92 93 97 
99 6 38 45 47 66 90 
100 
