100
100
0.72 1
1.58 2
0.20 3
0.22 4
1.28 5
0.48 6
0.08 7
1.98 8
0.90 9
1.95 10
0.64 11
1.66 12
1.15 13
0.47 14
1.65 15
0.84 16
0.91 17
0.32 18
0.41 19
1.62 20
1.93 21
1.36 22
1.30 23
0.62 24
1.65 25
1.81 26
0.20 27
1.61 28
0.54 29
0.51 30
0.51 31
1.84 32
1.77 33
1.18 34
1.81 35
1.40 36
0.32 37
1.49 38
0.89 39
0.54 40
0.57 41
0.03 42
0.61 43
0.41 44
1.58 45
0.65 46
1.70 47
1.01 48
1.20 49
0.83 50
0.02 51
0.45 52
1.35 53
1.10 54
0.87 55
0.79 56
1.94 57
0.09 58
0.62 59
0.50 60
0.14 61
0.87 62
0.21 63
0.52 64
1.48 65
1.74 66
1.44 67
0.68 68
0.13 69
0.38 70
0.51 71
0.30 72
1.19 73
0.12 74
0.87 75
0.84 76
1.60 77
0.95 78
0.51 79
0.14 80
1.23 81
0.60 82
1.78 83
2.00 84
1.17 85
0.64 86
0.25 87
1.00 88
0.24 89
0.26 90
1.41 91
1.13 92
1.60 93
1.97 94
1.85 95
1.10 96
0.89 97
1.56 98
1.34 99
0.42 100
